degree_distribution
0 0.0
1 0.0
2 0.51
3 0.191
4 0.097
5 0.063
6 0.035
7 0.019
8 0.017
9 0.011
10 0.01
11 0.007
12 0.005
13 0.005
14 0.004
15 0.003
16 0.001
17 0.002
18 0.002
19 0.001
20 0.0
21 0.001
22 0.0
23 0.004
24 0.001
25 0.001
26 0.0
27 0.0
28 0.002
29 0.0
30 0.001
31 0.001
32 0.001
33 0.001
34 0.0
35 0.0
36 0.0
37 0.001
38 0.0
39 0.0
40 0.0
41 0.0
42 0.0
43 0.0
44 0.0
45 0.0
46 0.0
47 0.0
48 0.0
49 0.0
50 0.0
51 0.0
52 0.0
53 0.0
54 0.0
55 0.0
56 0.0
57 0.0
58 0.0
59 0.0
60 0.001
61 0.0
62 0.0
63 0.0
64 0.0
65 0.0
66 0.0
67 0.0
68 0.0
69 0.0
70 0.0
71 0.0
72 0.001
73 0.0
74 0.0
75 0.0
76 0.0
77 0.0
78 0.0
79 0.0
80 0.0
81 0.0
82 0.0
83 0.0
84 0.0
85 0.0
86 0.0
87 0.0
88 0.0
89 0.0
90 0.0
91 0.0
92 0.0
93 0.0
94 0.0
95 0.0
96 0.0
97 0.0
98 0.0
99 0.001
cumulative_degree_distribution
0 1.0
1 1.0
2 1.0
3 0.49
4 0.299
5 0.202
6 0.139
7 0.104
8 0.085
9 0.068
10 0.057
11 0.047
12 0.04
13 0.035
14 0.03
15 0.026
16 0.023
17 0.022
18 0.02
19 0.018
20 0.017
21 0.017
22 0.016
23 0.016
24 0.012
25 0.011
26 0.01
27 0.01
28 0.01
29 0.008
30 0.008
31 0.007
32 0.006
33 0.005
34 0.004
35 0.004
36 0.004
37 0.004
38 0.003
39 0.003
40 0.003
41 0.003
42 0.003
43 0.003
44 0.003
45 0.003
46 0.003
47 0.003
48 0.003
49 0.003
50 0.003
51 0.003
52 0.003
53 0.003
54 0.003
55 0.003
56 0.003
57 0.003
58 0.003
59 0.003
60 0.003
61 0.002
62 0.002
63 0.002
64 0.002
65 0.002
66 0.002
67 0.002
68 0.002
69 0.002
70 0.002
71 0.002
72 0.002
73 0.001
74 0.001
75 0.001
76 0.001
77 0.001
78 0.001
79 0.001
80 0.001
81 0.001
82 0.001
83 0.001
84 0.001
85 0.001
86 0.001
87 0.001
88 0.001
89 0.001
90 0.001
91 0.001
92 0.001
93 0.001
94 0.001
95 0.001
96 0.001
97 0.001
98 0.001
99 0.001
clustering_coefficient
0.742496426018
individual clustering_coefficient
0 0.0606060606061
1 0.0540540540541
2 0.020202020202
3 0.133333333333
4 0.0333333333333
5 0.105263157895
6 0.0869565217391
7 0.0277777777778
8 0.0666666666667
9 0.142857142857
10 0.0869565217391
11 0.2
12 0.08
13 0.181818181818
14 0.0625
15 0.166666666667
16 0.0645161290323
17 0.2
18 0.25
19 0.166666666667
20 0.0714285714286
21 0.666666666667
22 0.142857142857
23 0.285714285714
24 0.166666666667
25 0.153846153846
26 0.0869565217391
27 0.0714285714286
28 0.5
29 0.4
30 0.0869565217391
31 0.25
32 0.5
33 0.4
34 0.5
35 0.666666666667
36 0.333333333333
37 0.5
38 0.117647058824
39 0.222222222222
40 0.333333333333
41 0.2
42 0.25
43 0.4
44 0.25
45 0.133333333333
46 0.153846153846
47 0.4
48 0.0833333333333
49 0.117647058824
50 0.666666666667
51 0.166666666667
52 0.25
53 0.222222222222
54 0.2
55 0.5
56 0.666666666667
57 0.666666666667
58 0.222222222222
59 0.666666666667
60 0.133333333333
61 0.4
62 0.2
63 0.333333333333
64 0.333333333333
65 0.4
66 0.25
67 0.2
68 0.333333333333
69 0.666666666667
70 0.0952380952381
71 0.111111111111
72 0.25
73 0.333333333333
74 0.285714285714
75 0.5
76 0.333333333333
77 0.4
78 1.0
79 0.5
80 0.285714285714
81 0.181818181818
82 1.0
83 0.222222222222
84 0.25
85 0.333333333333
86 0.4
87 0.333333333333
88 0.5
89 1.0
90 0.5
91 0.4
92 0.285714285714
93 0.666666666667
94 0.285714285714
95 0.125
96 0.333333333333
97 0.25
98 1.0
99 0.25
100 0.5
101 1.0
102 1.0
103 0.666666666667
104 0.666666666667
105 0.5
106 0.2
107 0.4
108 1.0
109 0.181818181818
110 0.333333333333
111 0.181818181818
112 0.333333333333
113 0.333333333333
114 0.111111111111
115 0.5
116 0.25
117 0.25
118 0.666666666667
119 0.4
120 0.4
121 0.666666666667
122 0.666666666667
123 0.4
124 0.181818181818
125 0.2
126 0.333333333333
127 0.666666666667
128 0.5
129 1.0
130 0.4
131 0.5
132 0.153846153846
133 0.142857142857
134 0.25
135 0.142857142857
136 1.0
137 1.0
138 0.666666666667
139 1.0
140 0.4
141 0.153846153846
142 0.666666666667
143 0.153846153846
144 0.333333333333
145 0.5
146 1.0
147 0.4
148 0.5
149 0.666666666667
150 1.0
151 0.222222222222
152 0.4
153 0.4
154 0.285714285714
155 0.2
156 0.5
157 0.4
158 0.666666666667
159 0.4
160 0.4
161 0.181818181818
162 1.0
163 0.666666666667
164 0.5
165 0.666666666667
166 0.4
167 0.222222222222
168 0.666666666667
169 0.666666666667
170 0.333333333333
171 0.5
172 0.5
173 1.0
174 0.4
175 0.222222222222
176 0.4
177 0.25
178 0.333333333333
179 0.333333333333
180 1.0
181 0.5
182 0.333333333333
183 0.666666666667
184 0.666666666667
185 0.2
186 1.0
187 0.333333333333
188 0.4
189 0.666666666667
190 0.666666666667
191 1.0
192 0.666666666667
193 1.0
194 0.666666666667
195 0.4
196 0.181818181818
197 0.666666666667
198 0.285714285714
199 0.5
200 0.5
201 0.5
202 0.666666666667
203 0.4
204 1.0
205 0.222222222222
206 1.0
207 0.666666666667
208 1.0
209 0.285714285714
210 1.0
211 1.0
212 0.5
213 1.0
214 0.4
215 0.333333333333
216 0.333333333333
217 0.666666666667
218 0.4
219 1.0
220 0.285714285714
221 0.666666666667
222 1.0
223 1.0
224 0.666666666667
225 1.0
226 0.4
227 0.666666666667
228 0.5
229 0.5
230 0.333333333333
231 0.222222222222
232 0.666666666667
233 0.5
234 1.0
235 1.0
236 1.0
237 0.5
238 0.333333333333
239 0.666666666667
240 0.4
241 0.285714285714
242 0.285714285714
243 1.0
244 1.0
245 0.666666666667
246 0.4
247 1.0
248 0.285714285714
249 0.666666666667
250 0.333333333333
251 0.666666666667
252 1.0
253 1.0
254 0.222222222222
255 0.666666666667
256 0.666666666667
257 1.0
258 0.333333333333
259 1.0
260 0.166666666667
261 0.333333333333
262 0.4
263 0.666666666667
264 0.285714285714
265 0.5
266 0.666666666667
267 1.0
268 0.666666666667
269 0.666666666667
270 0.5
271 0.666666666667
272 1.0
273 0.333333333333
274 0.5
275 1.0
276 0.666666666667
277 0.666666666667
278 0.4
279 0.5
280 0.666666666667
281 0.5
282 0.25
283 0.5
284 0.4
285 0.333333333333
286 0.666666666667
287 0.25
288 0.666666666667
289 1.0
290 0.285714285714
291 1.0
292 0.4
293 1.0
294 0.5
295 1.0
296 1.0
297 1.0
298 0.5
299 0.666666666667
300 1.0
301 0.666666666667
302 0.5
303 1.0
304 0.285714285714
305 0.666666666667
306 0.666666666667
307 0.666666666667
308 0.5
309 0.4
310 1.0
311 0.666666666667
312 0.285714285714
313 1.0
314 0.5
315 0.4
316 0.285714285714
317 0.666666666667
318 0.5
319 0.4
320 0.666666666667
321 0.666666666667
322 0.285714285714
323 0.5
324 0.666666666667
325 0.666666666667
326 0.5
327 0.5
328 1.0
329 0.5
330 0.666666666667
331 0.5
332 1.0
333 1.0
334 1.0
335 0.5
336 0.333333333333
337 1.0
338 1.0
339 1.0
340 1.0
341 0.25
342 1.0
343 1.0
344 1.0
345 1.0
346 1.0
347 0.5
348 0.4
349 0.666666666667
350 1.0
351 0.4
352 0.5
353 0.333333333333
354 0.5
355 0.4
356 0.5
357 0.666666666667
358 0.5
359 1.0
360 1.0
361 0.666666666667
362 1.0
363 0.5
364 0.333333333333
365 0.666666666667
366 1.0
367 1.0
368 0.666666666667
369 1.0
370 1.0
371 1.0
372 1.0
373 0.666666666667
374 0.285714285714
375 0.5
376 0.666666666667
377 0.4
378 0.5
379 0.666666666667
380 1.0
381 1.0
382 1.0
383 1.0
384 0.5
385 1.0
386 0.4
387 1.0
388 0.5
389 0.5
390 1.0
391 0.5
392 0.5
393 1.0
394 0.666666666667
395 0.5
396 0.333333333333
397 1.0
398 1.0
399 0.666666666667
400 0.5
401 0.5
402 0.4
403 0.5
404 1.0
405 1.0
406 0.4
407 1.0
408 1.0
409 0.222222222222
410 1.0
411 0.4
412 0.4
413 0.5
414 1.0
415 0.666666666667
416 0.4
417 0.4
418 0.666666666667
419 0.5
420 1.0
421 0.666666666667
422 0.666666666667
423 0.5
424 0.4
425 0.4
426 0.666666666667
427 1.0
428 0.666666666667
429 0.666666666667
430 0.5
431 1.0
432 1.0
433 1.0
434 1.0
435 1.0
436 1.0
437 1.0
438 1.0
439 1.0
440 1.0
441 1.0
442 0.5
443 0.4
444 0.666666666667
445 0.666666666667
446 0.5
447 0.4
448 1.0
449 0.666666666667
450 1.0
451 1.0
452 1.0
453 1.0
454 1.0
455 0.666666666667
456 0.666666666667
457 1.0
458 0.666666666667
459 0.666666666667
460 0.5
461 1.0
462 1.0
463 1.0
464 1.0
465 1.0
466 0.666666666667
467 0.5
468 0.5
469 0.666666666667
470 0.666666666667
471 1.0
472 0.4
473 0.666666666667
474 1.0
475 1.0
476 1.0
477 1.0
478 1.0
479 1.0
480 0.666666666667
481 0.666666666667
482 1.0
483 1.0
484 0.666666666667
485 0.5
486 0.666666666667
487 0.5
488 0.5
489 1.0
490 1.0
491 1.0
492 0.666666666667
493 1.0
494 1.0
495 0.5
496 1.0
497 1.0
498 0.666666666667
499 1.0
500 0.666666666667
501 0.666666666667
502 1.0
503 0.5
504 0.666666666667
505 0.666666666667
506 0.666666666667
507 1.0
508 0.666666666667
509 1.0
510 1.0
511 1.0
512 1.0
513 1.0
514 0.5
515 0.5
516 1.0
517 0.666666666667
518 0.666666666667
519 1.0
520 1.0
521 1.0
522 0.666666666667
523 0.5
524 0.5
525 0.666666666667
526 1.0
527 0.666666666667
528 0.4
529 1.0
530 1.0
531 0.666666666667
532 0.666666666667
533 1.0
534 1.0
535 1.0
536 1.0
537 1.0
538 1.0
539 1.0
540 0.666666666667
541 1.0
542 0.5
543 0.5
544 0.666666666667
545 0.666666666667
546 1.0
547 1.0
548 1.0
549 0.666666666667
550 1.0
551 1.0
552 0.666666666667
553 1.0
554 1.0
555 1.0
556 1.0
557 1.0
558 1.0
559 1.0
560 0.4
561 1.0
562 1.0
563 0.4
564 1.0
565 0.5
566 1.0
567 1.0
568 1.0
569 0.666666666667
570 1.0
571 0.666666666667
572 1.0
573 1.0
574 1.0
575 0.5
576 1.0
577 1.0
578 1.0
579 1.0
580 1.0
581 0.5
582 0.666666666667
583 0.5
584 0.666666666667
585 1.0
586 0.666666666667
587 1.0
588 1.0
589 0.5
590 1.0
591 1.0
592 0.666666666667
593 1.0
594 1.0
595 0.5
596 1.0
597 1.0
598 1.0
599 1.0
600 1.0
601 1.0
602 1.0
603 1.0
604 1.0
605 1.0
606 1.0
607 0.666666666667
608 0.4
609 0.666666666667
610 1.0
611 0.666666666667
612 1.0
613 0.666666666667
614 0.666666666667
615 0.666666666667
616 0.666666666667
617 1.0
618 1.0
619 1.0
620 0.666666666667
621 1.0
622 1.0
623 0.333333333333
624 1.0
625 0.5
626 1.0
627 1.0
628 1.0
629 1.0
630 0.5
631 1.0
632 0.666666666667
633 1.0
634 0.333333333333
635 1.0
636 0.666666666667
637 0.666666666667
638 1.0
639 1.0
640 0.5
641 0.666666666667
642 1.0
643 1.0
644 0.666666666667
645 0.666666666667
646 0.666666666667
647 1.0
648 0.5
649 1.0
650 1.0
651 0.666666666667
652 1.0
653 1.0
654 1.0
655 1.0
656 1.0
657 1.0
658 1.0
659 1.0
660 0.666666666667
661 1.0
662 0.666666666667
663 1.0
664 1.0
665 1.0
666 1.0
667 1.0
668 1.0
669 1.0
670 1.0
671 1.0
672 0.666666666667
673 1.0
674 1.0
675 1.0
676 1.0
677 0.666666666667
678 1.0
679 1.0
680 0.666666666667
681 0.666666666667
682 0.666666666667
683 1.0
684 0.666666666667
685 1.0
686 1.0
687 1.0
688 0.666666666667
689 1.0
690 0.666666666667
691 1.0
692 1.0
693 1.0
694 1.0
695 0.4
696 0.666666666667
697 1.0
698 1.0
699 1.0
700 1.0
701 1.0
702 1.0
703 1.0
704 1.0
705 1.0
706 1.0
707 0.666666666667
708 0.666666666667
709 0.4
710 1.0
711 0.666666666667
712 1.0
713 1.0
714 0.4
715 1.0
716 0.5
717 1.0
718 0.4
719 1.0
720 0.666666666667
721 1.0
722 1.0
723 1.0
724 0.666666666667
725 1.0
726 1.0
727 0.666666666667
728 0.666666666667
729 0.5
730 0.666666666667
731 1.0
732 1.0
733 1.0
734 1.0
735 1.0
736 1.0
737 1.0
738 1.0
739 1.0
740 1.0
741 0.666666666667
742 1.0
743 1.0
744 1.0
745 0.5
746 1.0
747 0.666666666667
748 1.0
749 1.0
750 1.0
751 1.0
752 1.0
753 1.0
754 1.0
755 1.0
756 1.0
757 1.0
758 0.666666666667
759 0.666666666667
760 1.0
761 1.0
762 1.0
763 1.0
764 1.0
765 1.0
766 1.0
767 1.0
768 1.0
769 1.0
770 0.666666666667
771 1.0
772 0.666666666667
773 1.0
774 0.666666666667
775 1.0
776 1.0
777 1.0
778 1.0
779 1.0
780 1.0
781 1.0
782 1.0
783 1.0
784 1.0
785 1.0
786 1.0
787 1.0
788 0.666666666667
789 1.0
790 0.666666666667
791 0.666666666667
792 1.0
793 0.666666666667
794 1.0
795 1.0
796 1.0
797 0.666666666667
798 0.666666666667
799 1.0
800 1.0
801 1.0
802 1.0
803 1.0
804 0.666666666667
805 0.666666666667
806 0.666666666667
807 1.0
808 0.666666666667
809 1.0
810 1.0
811 1.0
812 1.0
813 1.0
814 1.0
815 1.0
816 1.0
817 1.0
818 1.0
819 0.666666666667
820 1.0
821 1.0
822 0.666666666667
823 0.666666666667
824 1.0
825 1.0
826 1.0
827 1.0
828 1.0
829 1.0
830 1.0
831 1.0
832 1.0
833 0.666666666667
834 1.0
835 1.0
836 1.0
837 1.0
838 1.0
839 1.0
840 0.666666666667
841 0.666666666667
842 1.0
843 1.0
844 1.0
845 1.0
846 1.0
847 1.0
848 1.0
849 1.0
850 1.0
851 1.0
852 1.0
853 0.666666666667
854 1.0
855 1.0
856 1.0
857 1.0
858 1.0
859 1.0
860 1.0
861 1.0
862 0.666666666667
863 1.0
864 1.0
865 1.0
866 1.0
867 1.0
868 1.0
869 1.0
870 1.0
871 1.0
872 1.0
873 1.0
874 1.0
875 1.0
876 0.666666666667
877 1.0
878 1.0
879 1.0
880 1.0
881 1.0
882 1.0
883 1.0
884 1.0
885 1.0
886 1.0
887 1.0
888 1.0
889 1.0
890 1.0
891 1.0
892 1.0
893 1.0
894 1.0
895 1.0
896 0.666666666667
897 0.666666666667
898 1.0
899 1.0
900 1.0
901 1.0
902 1.0
903 1.0
904 1.0
905 1.0
906 1.0
907 1.0
908 1.0
909 1.0
910 1.0
911 1.0
912 1.0
913 1.0
914 0.666666666667
915 1.0
916 1.0
917 1.0
918 1.0
919 1.0
920 1.0
921 1.0
922 1.0
923 1.0
924 1.0
925 1.0
926 1.0
927 0.666666666667
928 1.0
929 1.0
930 1.0
931 1.0
932 1.0
933 1.0
934 1.0
935 1.0
936 0.666666666667
937 1.0
938 1.0
939 1.0
940 1.0
941 1.0
942 0.666666666667
943 1.0
944 1.0
945 1.0
946 1.0
947 1.0
948 1.0
949 1.0
950 1.0
951 1.0
952 1.0
953 1.0
954 1.0
955 1.0
956 1.0
957 1.0
958 1.0
959 0.666666666667
960 1.0
961 1.0
962 1.0
963 1.0
964 1.0
965 1.0
966 1.0
967 1.0
968 1.0
969 1.0
970 1.0
971 1.0
972 1.0
973 1.0
974 0.666666666667
975 1.0
976 1.0
977 1.0
978 1.0
979 1.0
980 1.0
981 1.0
982 1.0
983 1.0
984 1.0
985 1.0
986 1.0
987 1.0
988 1.0
989 1.0
990 1.0
991 1.0
992 1.0
993 1.0
994 1.0
995 1.0
996 1.0
997 1.0
998 1.0
999 1.0
average_path_length
