degree_distribution
0 0.0
1 0.0
2 0.502
3 0.1974
4 0.0976
5 0.0554
6 0.038
7 0.0262
8 0.015
9 0.0126
10 0.0104
11 0.007
12 0.0038
13 0.0064
14 0.003
15 0.0032
16 0.0012
17 0.0026
18 0.002
19 0.0026
20 0.0012
21 0.0016
22 0.0016
23 0.0014
24 0.0002
25 0.0
26 0.0002
27 0.0004
28 0.0004
29 0.0002
30 0.0004
31 0.0004
32 0.0006
33 0.0006
34 0.0
35 0.0004
36 0.0006
37 0.0
38 0.0
39 0.0
40 0.0002
41 0.0
42 0.0
43 0.0002
44 0.0002
45 0.0
46 0.0
47 0.0
48 0.0
49 0.0002
50 0.0002
51 0.0002
52 0.0
53 0.0
54 0.0
55 0.0
56 0.0002
57 0.0002
58 0.0
59 0.0002
60 0.0
61 0.0002
62 0.0
63 0.0
64 0.0
65 0.0
66 0.0
67 0.0
68 0.0002
69 0.0
70 0.0
71 0.0
72 0.0
73 0.0
74 0.0
75 0.0
76 0.0
77 0.0
78 0.0
79 0.0
80 0.0
81 0.0002
82 0.0
83 0.0
84 0.0
85 0.0
86 0.0
87 0.0
88 0.0
89 0.0
90 0.0
91 0.0
92 0.0
93 0.0
94 0.0
95 0.0
96 0.0
97 0.0
98 0.0
99 0.0
100 0.0
101 0.0
102 0.0
103 0.0
104 0.0
105 0.0
106 0.0
107 0.0
108 0.0
109 0.0
110 0.0002
111 0.0
112 0.0
113 0.0
114 0.0
115 0.0
116 0.0
117 0.0
118 0.0
119 0.0
120 0.0
121 0.0
122 0.0
123 0.0
124 0.0002
125 0.0
126 0.0
127 0.0
128 0.0
129 0.0
130 0.0
131 0.0
132 0.0
133 0.0
134 0.0
135 0.0
136 0.0
137 0.0
138 0.0
139 0.0002
140 0.0
141 0.0
142 0.0
143 0.0
144 0.0002
145 0.0
146 0.0
147 0.0
148 0.0
149 0.0
150 0.0
151 0.0
152 0.0
153 0.0
154 0.0
155 0.0
156 0.0
157 0.0
158 0.0
159 0.0
160 0.0
161 0.0
162 0.0
163 0.0
164 0.0
165 0.0
166 0.0
167 0.0
168 0.0
169 0.0
170 0.0
171 0.0
172 0.0
173 0.0
174 0.0
175 0.0
176 0.0
177 0.0
178 0.0
179 0.0
180 0.0
181 0.0
182 0.0
183 0.0
184 0.0
185 0.0
186 0.0
187 0.0
188 0.0
189 0.0
190 0.0
191 0.0
192 0.0
193 0.0
194 0.0
195 0.0
196 0.0
197 0.0
198 0.0
199 0.0
200 0.0
201 0.0
202 0.0
203 0.0
204 0.0
205 0.0
206 0.0
207 0.0
208 0.0
209 0.0
210 0.0
211 0.0
212 0.0
213 0.0
214 0.0
215 0.0
216 0.0
217 0.0
218 0.0
219 0.0
220 0.0
221 0.0
222 0.0
223 0.0
224 0.0002
cumulative_degree_distribution
0 1.0
1 1.0
2 1.0
3 0.498
4 0.3006
5 0.203
6 0.1476
7 0.1096
8 0.0834
9 0.0684
10 0.0558
11 0.0454
12 0.0384
13 0.0346
14 0.0282
15 0.0252
16 0.022
17 0.0208
18 0.0182
19 0.0162
20 0.0136
21 0.0124
22 0.0108
23 0.0092
24 0.0078
25 0.0076
26 0.0076
27 0.0074
28 0.007
29 0.0066
30 0.0064
31 0.006
32 0.0056
33 0.005
34 0.0044
35 0.0044
36 0.004
37 0.0034
38 0.0034
39 0.0034
40 0.0034
41 0.0032
42 0.0032
43 0.0032
44 0.003
45 0.0028
46 0.0028
47 0.0028
48 0.0028
49 0.0028
50 0.0026
51 0.0024
52 0.0022
53 0.0022
54 0.0022
55 0.0022
56 0.0022
57 0.002
58 0.0018
59 0.0018
60 0.0016
61 0.0016
62 0.0014
63 0.0014
64 0.0014
65 0.0014
66 0.0014
67 0.0014
68 0.0014
69 0.0012
70 0.0012
71 0.0012
72 0.0012
73 0.0012
74 0.0012
75 0.0012
76 0.0012
77 0.0012
78 0.0012
79 0.0012
80 0.0012
81 0.0012
82 0.001
83 0.001
84 0.001
85 0.001
86 0.001
87 0.001
88 0.001
89 0.001
90 0.001
91 0.001
92 0.001
93 0.001
94 0.001
95 0.001
96 0.001
97 0.001
98 0.001
99 0.001
100 0.001
101 0.001
102 0.001
103 0.001
104 0.001
105 0.001
106 0.001
107 0.001
108 0.001
109 0.001
110 0.001
111 0.0008
112 0.0008
113 0.0008
114 0.0008
115 0.0008
116 0.0008
117 0.0008
118 0.0008
119 0.0008
120 0.0008
121 0.0008
122 0.0008
123 0.0008
124 0.0008
125 0.0006
126 0.0006
127 0.0006
128 0.0006
129 0.0006
130 0.0006
131 0.0006
132 0.0006
133 0.0006
134 0.0006
135 0.0006
136 0.0006
137 0.0006
138 0.0006
139 0.0006
140 0.0004
141 0.0004
142 0.0004
143 0.0004
144 0.0004
145 0.0002
146 0.0002
147 0.0002
148 0.0002
149 0.0002
150 0.0002
151 0.0002
152 0.0002
153 0.0002
154 0.0002
155 0.0002
156 0.0002
157 0.0002
158 0.0002
159 0.0002
160 0.0002
161 0.0002
162 0.0002
163 0.0002
164 0.0002
165 0.0002
166 0.0002
167 0.0002
168 0.0002
169 0.0002
170 0.0002
171 0.0002
172 0.0002
173 0.0002
174 0.0002
175 0.0002
176 0.0002
177 0.0002
178 0.0002
179 0.0002
180 0.0002
181 0.0002
182 0.0002
183 0.0002
184 0.0002
185 0.0002
186 0.0002
187 0.0002
188 0.0002
189 0.0002
190 0.0002
191 0.0002
192 0.0002
193 0.0002
194 0.0002
195 0.0002
196 0.0002
197 0.0002
198 0.0002
199 0.0002
200 0.0002
201 0.0002
202 0.0002
203 0.0002
204 0.0002
205 0.0002
206 0.0002
207 0.0002
208 0.0002
209 0.0002
210 0.0002
211 0.0002
212 0.0002
213 0.0002
214 0.0002
215 0.0002
216 0.0002
217 0.0002
218 0.0002
219 0.0002
220 0.0002
221 0.0002
222 0.0002
223 0.0002
224 0.0002
clustering_coefficient
0.738971252188
average_path_length
5.77393870774
